# oST version 5.0 parameters


[image]

width
960

height
720

[narrow_stereo]

camera matrix
1013.931421 0.000000 576.716912
0.000000 1011.635393 342.896317
0.000000 0.000000 1.000000

distortion
0.177315 0.099480 0.007270 0.054945 0.000000

rectification
1.000000 0.000000 0.000000
0.000000 1.000000 0.000000
0.000000 0.000000 1.000000

projection
1059.382080 0.000000 603.136649 0.000000
0.000000 1093.233887 346.050238 0.000000
0.000000 0.000000 1.000000 0.000000

